kinematics:
  shoulder:
    x: 0
    y: 0
    z: 0.1625322639818001
    roll: -0
    pitch: 0
    yaw: -7.179425876024936e-08
  upper_arm:
    x: -2.380857007777727e-05
    y: 0
    z: 0
    roll: 1.571301425925373
    pitch: 0
    yaw: -3.861262222049797e-06
  forearm:
    x: -0.4252257563746037
    y: 0
    z: 0
    roll: 3.135770205989659
    pitch: -3.140451725722718
    yaw: -3.141591200520582
  wrist_1:
    x: -0.3925935434726791
    y: -0.0001461109894466032
    z: 0.1331434109730366
    roll: 0.001097395130004082
    pitch: -0.001206614584481431
    yaw: -2.708919069697984e-06
  wrist_2:
    x: -9.782940809916674e-05
    y: -0.09974547894623934
    z: 0.0001014044133356606
    roll: 1.569779695470131
    pitch: 0
    yaw: 4.599709282386066e-06
  wrist_3:
    x: 7.914315456903918e-05
    y: 0.09963561394098189
    z: 0.0001535235511251519
    roll: 1.572337175729864
    pitch: 3.141592653589793
    yaw: 3.141592538961584
  hash: calib_8843360481190260273